0 0 6.000000 0.996466 0.447618 0.799223 0.636484 0.999017 
0 0 6.000000 0.992685 0.625605 0.416706 0.772775 0.611374 
0 0 6.000000 0.990958 0.411387 0.524258 0.565031 0.728222 
0 0 6.000000 0.762529 0.462910 0.274117 0.580141 0.422074 
0 0 6.000000 0.539761 0.324325 0.376851 0.456324 0.533741 
0 0 6.000000 0.515169 0.239204 0.290275 0.339287 0.394052 
0 0 6.000000 0.491226 0.159956 0.269031 0.229592 0.330687 
0 0 6.000000 0.995422 0.447602 0.801865 0.638357 0.999107 
0 0 6.000000 0.994702 0.632849 0.423956 0.778408 0.619789 
0 0 6.000000 0.994296 0.412265 0.529572 0.567103 0.729789 
0 0 6.000000 0.750623 0.464197 0.276107 0.580396 0.423580 
0 0 6.000000 0.714200 0.324601 0.375747 0.459124 0.535845 
0 0 6.000000 0.463352 0.159789 0.269596 0.227738 0.331480 
0 0 6.000000 0.422689 0.237290 0.286197 0.342894 0.396525 
0 0 6.000000 0.995728 0.632319 0.424588 0.780106 0.623623 
0 0 6.000000 0.995458 0.448697 0.797240 0.635670 0.998624 
0 0 6.000000 0.995368 0.415541 0.535435 0.569035 0.732697 
0 0 6.000000 0.751396 0.324792 0.380189 0.461778 0.537988 
0 0 6.000000 0.703036 0.466245 0.276946 0.583640 0.424357 
0 0 6.000000 0.554539 0.157241 0.266230 0.229983 0.328444 
0 0 6.000000 0.441833 0.237429 0.288499 0.346313 0.395663 
0 0 6.000000 0.995667 0.636387 0.429517 0.782032 0.627618 
0 0 6.000000 0.995369 0.417247 0.538530 0.569676 0.741896 
0 0 6.000000 0.993791 0.447978 0.801342 0.636180 0.998911 
0 0 6.000000 0.743822 0.467374 0.277400 0.585176 0.425378 
0 0 6.000000 0.730458 0.326537 0.379369 0.461916 0.538879 
0 0 6.000000 0.581609 0.153286 0.263449 0.231953 0.330665 
0 0 6.000000 0.508477 0.237336 0.285381 0.343012 0.396933 
0 0 6.000000 0.995905 0.633283 0.430352 0.781260 0.627306 
0 0 6.000000 0.995332 0.446345 0.807342 0.642666 1.000398 
0 0 6.000000 0.992102 0.420209 0.542128 0.570363 0.745534 
0 0 6.000000 0.765909 0.469350 0.277572 0.589090 0.426249 
0 0 6.000000 0.676947 0.329810 0.383291 0.468149 0.535496 
0 0 6.000000 0.606337 0.153928 0.263262 0.226838 0.329034 
0 0 6.000000 0.515727 0.238677 0.279573 0.343807 0.396251 
0 0 6.000000 0.996299 0.635966 0.435728 0.783167 0.633974 
0 0 6.000000 0.994422 0.419922 0.536204 0.569046 0.747477 
0 0 6.000000 0.990901 0.442341 0.814306 0.638911 0.997554 
0 0 6.000000 0.731413 0.328893 0.383111 0.467232 0.538261 
0 0 6.000000 0.601129 0.152751 0.265474 0.222106 0.330903 
0 0 6.000000 0.599499 0.471533 0.280823 0.591840 0.423688 
0 0 6.000000 0.512303 0.238237 0.279061 0.345262 0.397316 
0 0 6.000000 0.995754 0.420038 0.535194 0.571719 0.755226 
0 0 6.000000 0.995489 0.633745 0.434948 0.783334 0.643880 
0 0 6.000000 0.985384 0.438813 0.821555 0.641863 0.997645 
0 0 6.000000 0.761258 0.328399 0.384516 0.470020 0.533506 
0 0 6.000000 0.579754 0.473165 0.285088 0.594516 0.426058 
0 0 6.000000 0.562747 0.155481 0.262024 0.227407 0.330981 
0 0 6.000000 0.538789 0.236052 0.279287 0.345082 0.398053 
0 0 6.000000 0.997564 0.420835 0.541375 0.573571 0.758654 
0 0 6.000000 0.994331 0.637152 0.442225 0.785173 0.648202 
0 0 6.000000 0.972843 0.439984 0.829963 0.646680 0.998360 
0 0 6.000000 0.757519 0.329702 0.381744 0.472528 0.532910 
0 0 6.000000 0.554365 0.233046 0.276955 0.345857 0.398093 
0 0 6.000000 0.536194 0.152434 0.258005 0.229205 0.331564 
0 0 6.000000 0.498844 0.473736 0.283718 0.594897 0.424609 
0 0 6.000000 0.998810 0.421845 0.541569 0.574778 0.759463 
0 0 6.000000 0.995507 0.643049 0.445822 0.787032 0.647127 
0 0 6.000000 0.985271 0.437512 0.835554 0.649691 1.000097 
0 0 6.000000 0.778425 0.330820 0.381018 0.473083 0.536293 
0 0 6.000000 0.540488 0.234457 0.277804 0.345182 0.399847 
0 0 6.000000 0.540293 0.153156 0.261258 0.227922 0.332864 
0 0 6.000000 0.442385 0.473124 0.281888 0.596196 0.426811 
0 0 6.000000 0.402658 0.334026 0.354342 0.464746 0.468370 
0 0 6.000000 0.999355 0.422567 0.548447 0.575213 0.769560 
0 0 6.000000 0.994018 0.644010 0.439429 0.790833 0.638266 
0 0 6.000000 0.970396 0.435861 0.842930 0.655659 1.003197 
0 0 6.000000 0.748874 0.332672 0.391447 0.474540 0.534688 
0 0 6.000000 0.537387 0.156276 0.261620 0.233324 0.331684 
0 0 6.000000 0.502614 0.236268 0.283000 0.345106 0.395747 
0 0 6.000000 0.456768 0.475655 0.283680 0.595603 0.426457 
0 0 6.000000 0.999248 0.421675 0.544750 0.577527 0.775236 
0 0 6.000000 0.998152 0.646642 0.441865 0.794088 0.643690 
0 0 6.000000 0.970266 0.434759 0.851548 0.656050 1.007845 
0 0 6.000000 0.749191 0.334809 0.416406 0.473518 0.566181 
0 0 6.000000 0.556642 0.153998 0.260012 0.233334 0.331044 
0 0 6.000000 0.481703 0.236018 0.283541 0.347419 0.396116 
0 0 6.000000 0.401075 0.470459 0.280578 0.592633 0.432156 
0 0 6.000000 0.999089 0.644307 0.443894 0.795068 0.648715 
0 0 6.000000 0.998932 0.422778 0.548695 0.576955 0.774125 
0 0 6.000000 0.960445 0.434632 0.854224 0.654456 1.011897 
0 0 6.000000 0.748230 0.335244 0.412576 0.472969 0.564769 
0 0 6.000000 0.532198 0.157151 0.259498 0.233146 0.328031 
0 0 6.000000 0.471559 0.234746 0.281545 0.349055 0.394857 
0 0 6.000000 0.425813 0.472464 0.281507 0.594656 0.433919 
0 1 6.000000 0.999659 0.648960 0.445943 0.799743 0.650848 
0 1 6.000000 0.999007 0.423632 0.553230 0.579236 0.778980 
0 1 6.000000 0.931091 0.436395 0.857077 0.649208 1.008519 
0 1 6.000000 0.817747 0.336980 0.410830 0.475722 0.566412 
0 1 6.000000 0.568363 0.155906 0.258230 0.233158 0.328849 
0 1 6.000000 0.484910 0.471700 0.281792 0.595570 0.434643 
0 1 6.000000 0.438965 0.235939 0.281163 0.351497 0.397729 
0 1 6.000000 0.424455 0.340611 0.360515 0.466298 0.465810 
0 1 6.000000 0.999706 0.648960 0.448404 0.799798 0.651373 
0 1 6.000000 0.997825 0.424911 0.551886 0.578635 0.780434 
0 1 6.000000 0.927437 0.435454 0.861397 0.656923 1.009190 
0 1 6.000000 0.752725 0.338683 0.422783 0.478258 0.567464 
0 1 6.000000 0.579589 0.153008 0.253222 0.234059 0.329351 
0 1 6.000000 0.429006 0.343293 0.364423 0.467819 0.463166 
0 1 6.000000 0.428966 0.472501 0.282911 0.598109 0.437106 
0 1 6.000000 0.999522 0.650320 0.447097 0.802808 0.653814 
0 1 6.000000 0.997519 0.424249 0.560856 0.584050 0.784135 
0 1 6.000000 0.858366 0.443720 0.862077 0.652349 1.003637 
0 1 6.000000 0.715496 0.343310 0.420351 0.481485 0.567056 
0 1 6.000000 0.648470 0.150869 0.255496 0.233618 0.331104 
0 1 6.000000 0.445320 0.237566 0.279611 0.354023 0.400216 
0 1 6.000000 0.417389 0.474593 0.283356 0.600142 0.436093 
0 1 6.000000 0.999632 0.651340 0.449388 0.801762 0.657039 
0 1 6.000000 0.998900 0.426935 0.569033 0.585588 0.792207 
0 1 6.000000 0.828516 0.339119 0.416526 0.483087 0.573285 
0 1 6.000000 0.731296 0.447926 0.864869 0.653010 1.001739 
0 1 6.000000 0.662408 0.337684 0.357062 0.473872 0.473388 
0 1 6.000000 0.608205 0.153378 0.253883 0.231675 0.330250 
0 1 6.000000 0.481217 0.235007 0.277568 0.354122 0.400310 
0 1 6.000000 0.444105 0.476822 0.283048 0.600618 0.438360 
0 16 6.000000 0.999726 0.653532 0.450632 0.804844 0.660806 
0 16 6.000000 0.998819 0.426888 0.575052 0.588198 0.798361 
0 16 6.000000 0.841262 0.338867 0.420169 0.483830 0.572336 
0 16 6.000000 0.665898 0.460937 0.867918 0.658399 1.003095 
0 16 6.000000 0.561481 0.337120 0.360267 0.469318 0.469890 
0 16 6.000000 0.542618 0.154874 0.254340 0.231209 0.330168 
0 16 6.000000 0.459156 0.238851 0.280771 0.351685 0.398706 
0 16 6.000000 0.450403 0.476705 0.282109 0.603358 0.444301 
0 16 6.000000 0.999734 0.655549 0.454815 0.811188 0.667919 
0 16 6.000000 0.998771 0.427377 0.582171 0.590291 0.799312 
0 16 6.000000 0.875475 0.342352 0.412791 0.483463 0.574317 
0 16 6.000000 0.544656 0.455169 0.879819 0.657160 1.006773 
0 16 6.000000 0.501992 0.338369 0.361410 0.470904 0.472112 
0 16 6.000000 0.495173 0.156054 0.253739 0.232264 0.327622 
0 16 6.000000 0.999563 0.657203 0.457361 0.814433 0.670054 
0 16 6.000000 0.997372 0.430347 0.581896 0.591637 0.802281 
0 16 6.000000 0.755637 0.346098 0.427155 0.487616 0.574960 
0 16 6.000000 0.572910 0.156817 0.251619 0.234505 0.329404 
0 16 6.000000 0.476877 0.350567 0.365019 0.474762 0.465250 
0 16 6.000000 0.437870 0.455279 0.884387 0.652408 1.008404 
0 16 6.000000 0.417106 0.487333 0.294036 0.604856 0.453194 
0 16 6.000000 0.999218 0.659616 0.462343 0.816185 0.674489 
0 16 6.000000 0.999036 0.428213 0.583642 0.594019 0.805027 
0 16 6.000000 0.761836 0.344216 0.428756 0.486036 0.577969 
0 16 6.000000 0.555642 0.154605 0.248279 0.232851 0.329204 
0 16 6.000000 0.444805 0.346666 0.366094 0.472355 0.466929 
0 16 6.000000 0.435621 0.488234 0.295828 0.608497 0.455087 
0 16 6.000000 0.999369 0.426654 0.584150 0.594308 0.809472 
0 16 6.000000 0.998042 0.659768 0.460484 0.819267 0.676088 
0 16 6.000000 0.633216 0.344174 0.428682 0.488445 0.575131 
0 16 6.000000 0.534409 0.488054 0.296667 0.609727 0.457353 
0 16 6.000000 0.525832 0.157187 0.251176 0.231817 0.328166 
0 16 6.000000 0.456923 0.345652 0.392717 0.480897 0.505379 
0 16 6.000000 0.999120 0.433553 0.584425 0.597160 0.811844 
0 16 6.000000 0.995838 0.660749 0.458947 0.818618 0.680280 
0 16 6.000000 0.727827 0.345573 0.438470 0.487483 0.580016 
0 16 6.000000 0.552237 0.158645 0.252695 0.231568 0.328025 
0 16 6.000000 0.490634 0.493431 0.296637 0.609876 0.456437 
0 16 6.000000 0.421598 0.347130 0.370030 0.471652 0.466008 
0 16 6.000000 0.998823 0.437441 0.585645 0.596862 0.821762 
0 16 6.000000 0.990475 0.659242 0.462732 0.818621 0.676372 
0 16 6.000000 0.749779 0.348177 0.428328 0.491829 0.581915 
0 16 6.000000 0.658425 0.154152 0.243806 0.234873 0.329927 
0 16 6.000000 0.551180 0.495824 0.297747 0.611884 0.455951 
0 16 6.000000 0.447525 0.347371 0.363513 0.473804 0.466727 
0 16 6.000000 0.998937 0.439266 0.584739 0.598284 0.825307 
0 16 6.000000 0.988506 0.663303 0.465308 0.823033 0.687571 
0 16 6.000000 0.676723 0.348341 0.427558 0.492241 0.577695 
0 16 6.000000 0.604498 0.156179 0.245058 0.234188 0.329187 
0 16 6.000000 0.582760 0.495221 0.296294 0.613457 0.456309 
0 16 6.000000 0.559198 0.347194 0.381808 0.485869 0.502329 
0 16 6.000000 0.998398 0.441215 0.586824 0.601353 0.830400 
0 16 6.000000 0.992986 0.667305 0.466413 0.826665 0.693062 
0 16 6.000000 0.649824 0.154766 0.243493 0.234035 0.329300 
0 16 6.000000 0.585320 0.349678 0.435623 0.488824 0.575921 
0 16 6.000000 0.541744 0.346030 0.367115 0.480323 0.474032 
0 16 6.000000 0.495633 0.499725 0.296772 0.614581 0.455614 
0 16 6.000000 0.997827 0.666645 0.466984 0.827452 0.695616 
0 16 6.000000 0.996867 0.440076 0.593164 0.600752 0.834369 
0 16 6.000000 0.681403 0.155538 0.243992 0.235501 0.328849 
0 16 6.000000 0.619296 0.351290 0.428909 0.492236 0.579147 
0 16 6.000000 0.591757 0.500019 0.299373 0.614765 0.455142 
0 16 6.000000 0.530366 0.349926 0.381338 0.487807 0.503013 
0 16 6.000000 0.996865 0.440030 0.603063 0.601993 0.838607 
0 16 6.000000 0.993272 0.670589 0.466568 0.829694 0.695380 
0 16 6.000000 0.670609 0.156675 0.249443 0.236649 0.328947 
0 16 6.000000 0.627655 0.351439 0.433832 0.493387 0.584922 
0 16 6.000000 0.486654 0.500686 0.300386 0.614633 0.453899 
0 16 6.000000 0.446071 0.349364 0.382483 0.488316 0.498907 
0 17 6.000000 0.996465 0.670528 0.473874 0.830656 0.697550 
0 17 6.000000 0.987239 0.446285 0.605776 0.601973 0.846107 
0 17 6.000000 0.673522 0.156700 0.246611 0.238436 0.329440 
0 17 6.000000 0.569167 0.349951 0.428425 0.494178 0.579043 
0 17 6.000000 0.550096 0.349828 0.387368 0.489363 0.508255 
0 17 6.000000 0.525424 0.502950 0.303502 0.614131 0.456351 
0 17 6.000000 0.998035 0.674170 0.479845 0.833490 0.699982 
0 17 6.000000 0.985299 0.443088 0.611372 0.602401 0.856129 
0 17 6.000000 0.719380 0.154884 0.245889 0.238844 0.329567 
0 17 6.000000 0.527018 0.502330 0.303060 0.615726 0.456318 
0 17 6.000000 0.445370 0.352508 0.445509 0.501570 0.594447 
0 17 6.000000 0.420737 0.279871 0.297090 0.384924 0.396468 
0 17 6.000000 0.998295 0.676465 0.485348 0.839023 0.701702 
0 17 6.000000 0.991623 0.447168 0.622905 0.609722 0.856096 
0 17 6.000000 0.707226 0.156114 0.248548 0.237358 0.329032 
0 17 6.000000 0.462463 0.349457 0.372304 0.496012 0.511909 
0 17 6.000000 0.439852 0.505271 0.308988 0.615127 0.456202 
0 17 6.000000 0.417919 0.352539 0.435013 0.501423 0.595958 
0 17 6.000000 0.400186 0.213290 0.262583 0.281935 0.333782 
0 17 6.000000 0.996932 0.448117 0.625990 0.612001 0.858795 
0 17 6.000000 0.995139 0.680854 0.487131 0.840120 0.703554 
0 17 6.000000 0.651954 0.157030 0.250251 0.235891 0.328261 
0 17 6.000000 0.619458 0.361143 0.465211 0.506083 0.619868 
0 17 6.000000 0.551538 0.503331 0.303356 0.616252 0.457570 
0 17 6.000000 0.435747 0.352458 0.385263 0.489253 0.507532 
0 17 6.000000 0.996910 0.681922 0.487078 0.841329 0.708780 
0 17 6.000000 0.995539 0.448997 0.630365 0.614538 0.860258 
0 17 6.000000 0.738045 0.357073 0.461997 0.505073 0.621736 
0 17 6.000000 0.654823 0.157093 0.248375 0.237049 0.330286 
0 17 6.000000 0.545362 0.502947 0.305589 0.617580 0.460752 
0 17 6.000000 0.524393 0.347162 0.382610 0.489748 0.508099 
0 32 6.000000 0.998060 0.684389 0.496639 0.842033 0.714012 
0 32 6.000000 0.997029 0.449608 0.627825 0.615148 0.865212 
0 32 6.000000 0.759029 0.359278 0.462589 0.505096 0.624482 
0 32 6.000000 0.657957 0.160231 0.250745 0.235531 0.328339 
0 32 6.000000 0.616296 0.503095 0.302744 0.619565 0.462328 
0 32 6.000000 0.497325 0.349388 0.382000 0.491700 0.508547 
0 32 6.000000 0.999105 0.448951 0.629664 0.619364 0.875441 
0 32 6.000000 0.998055 0.685126 0.499749 0.842849 0.714822 
0 32 6.000000 0.773776 0.366708 0.464443 0.509715 0.623446 
0 32 6.000000 0.676926 0.502407 0.301798 0.621701 0.465690 
0 32 6.000000 0.611252 0.162443 0.251040 0.234809 0.327193 
0 32 6.000000 0.998985 0.450144 0.632217 0.619909 0.881366 
0 32 6.000000 0.997652 0.686505 0.501410 0.846755 0.720578 
0 32 6.000000 0.649319 0.365685 0.466838 0.508632 0.625270 
0 32 6.000000 0.630769 0.157138 0.247759 0.237728 0.328886 
0 32 6.000000 0.508620 0.504094 0.304195 0.620647 0.466799 
0 32 6.000000 0.413437 0.350388 0.387318 0.485270 0.508274 
0 32 6.000000 0.999432 0.445998 0.630435 0.620631 0.884419 
0 32 6.000000 0.997048 0.690774 0.509469 0.848850 0.723174 
0 32 6.000000 0.829333 0.369933 0.465785 0.510426 0.627231 
0 32 6.000000 0.636990 0.503901 0.300539 0.629226 0.462470 
0 32 6.000000 0.591968 0.161837 0.249240 0.236989 0.328173 
0 32 6.000000 0.535188 0.349110 0.380321 0.489438 0.512768 
0 32 6.000000 0.999392 0.444707 0.634476 0.622207 0.890002 
0 32 6.000000 0.999012 0.691779 0.511215 0.854049 0.725870 
0 32 6.000000 0.754116 0.372501 0.467641 0.513389 0.629070 
0 32 6.000000 0.713767 0.502606 0.300570 0.630123 0.464913 
0 32 6.000000 0.566939 0.164345 0.249860 0.236352 0.327133 
0 32 6.000000 0.998460 0.446195 0.643805 0.624642 0.899333 
0 32 6.000000 0.997904 0.696679 0.514187 0.855829 0.726824 
0 32 6.000000 0.802222 0.507075 0.301521 0.633973 0.466957 
0 32 6.000000 0.604670 0.165539 0.249238 0.236877 0.326523 
0 32 6.000000 0.595588 0.370809 0.465287 0.512415 0.629565 
0 32 6.000000 0.528051 0.346244 0.376387 0.486628 0.515260 
0 32 6.000000 0.998884 0.447597 0.647947 0.627884 0.908703 
0 32 6.000000 0.996035 0.695768 0.520448 0.859813 0.735386 
0 32 6.000000 0.805752 0.370088 0.466971 0.513121 0.636291 
0 32 6.000000 0.757931 0.512207 0.302530 0.636120 0.470784 
0 32 6.000000 0.641491 0.166909 0.254261 0.236817 0.326858 
0 32 6.000000 0.998782 0.450921 0.656750 0.627949 0.911463 
0 32 6.000000 0.996310 0.695620 0.520803 0.860496 0.744325 
0 32 6.000000 0.879221 0.366511 0.471449 0.515807 0.640834 
0 32 6.000000 0.832264 0.512715 0.302308 0.640670 0.475405 
0 32 6.000000 0.659544 0.166396 0.254867 0.236486 0.326925 
0 32 6.000000 0.452345 0.356150 0.367808 0.516123 0.518156 
0 32 6.000000 0.998027 0.698542 0.523275 0.859151 0.752451 
0 32 6.000000 0.997601 0.455208 0.665598 0.632487 0.906394 
0 32 6.000000 0.939891 0.513833 0.300325 0.643461 0.483826 
0 32 6.000000 0.889192 0.372339 0.469847 0.518817 0.646606 
0 32 6.000000 0.659004 0.167614 0.253874 0.236412 0.325563 
0 32 6.000000 0.446434 0.364809 0.378916 0.516356 0.516550 
0 32 6.000000 0.998505 0.698863 0.516524 0.862363 0.747013 
0 32 6.000000 0.997590 0.453973 0.669327 0.629850 0.916827 
0 32 6.000000 0.961534 0.512242 0.301827 0.647666 0.482855 
0 32 6.000000 0.878543 0.382745 0.472010 0.522263 0.646570 
0 32 6.000000 0.683617 0.166216 0.254375 0.236583 0.326305 
0 32 6.000000 0.998794 0.702769 0.523597 0.865709 0.749300 
0 32 6.000000 0.997729 0.457170 0.676571 0.632319 0.921202 
0 32 6.000000 0.922767 0.380851 0.472873 0.522417 0.651318 
0 32 6.000000 0.916534 0.517282 0.301839 0.649307 0.483607 
0 32 6.000000 0.692192 0.163017 0.249526 0.237863 0.326886 
0 33 6.000000 0.998823 0.705535 0.524580 0.865295 0.752542 
0 33 6.000000 0.997971 0.449830 0.682086 0.631674 0.934413 
0 33 6.000000 0.925189 0.378793 0.475837 0.524620 0.652104 
0 33 6.000000 0.883851 0.517980 0.302354 0.650145 0.482453 
0 33 6.000000 0.697930 0.162490 0.247610 0.238931 0.327107 
0 33 6.000000 0.998939 0.450885 0.682588 0.635842 0.938995 
0 33 6.000000 0.997711 0.711010 0.530656 0.868556 0.753758 
0 33 6.000000 0.928022 0.514364 0.300585 0.637593 0.482426 
0 33 6.000000 0.920281 0.381875 0.478674 0.524477 0.651927 
0 33 6.000000 0.685236 0.165669 0.251029 0.236973 0.325121 
0 33 6.000000 0.999207 0.457018 0.686301 0.640121 0.946158 
0 33 6.000000 0.998327 0.711918 0.534852 0.875671 0.762419 
0 33 6.000000 0.966468 0.381155 0.479592 0.526880 0.661154 
0 33 6.000000 0.936150 0.516416 0.300621 0.640433 0.486292 
0 33 6.000000 0.664649 0.166530 0.248093 0.237325 0.324656 
0 33 6.000000 0.999015 0.712615 0.537749 0.877142 0.767029 
0 33 6.000000 0.998925 0.459037 0.691388 0.640087 0.952024 
0 33 6.000000 0.976292 0.382738 0.480188 0.528935 0.661802 
0 33 6.000000 0.921409 0.516591 0.300942 0.640912 0.485856 
0 33 6.000000 0.632994 0.166076 0.251205 0.237951 0.325673 
0 33 6.000000 0.413256 0.289535 0.315395 0.389565 0.456332 
0 33 6.000000 0.999066 0.457296 0.693452 0.644004 0.959791 
0 33 6.000000 0.997451 0.712025 0.535191 0.876394 0.774021 
0 33 6.000000 0.979852 0.379538 0.479142 0.531965 0.660360 
0 33 6.000000 0.948594 0.515910 0.303024 0.642373 0.487348 
0 33 6.000000 0.644061 0.164814 0.251740 0.239192 0.327177 
0 33 6.000000 0.490018 0.287236 0.315087 0.392553 0.461854 
0 48 6.000000 0.997204 0.712194 0.541398 0.880229 0.780549 
0 48 6.000000 0.996565 0.466236 0.701444 0.645024 0.963937 
0 48 6.000000 0.962753 0.515566 0.304086 0.643426 0.489641 
0 48 6.000000 0.941509 0.379941 0.479509 0.532155 0.662675 
0 48 6.000000 0.602764 0.165949 0.251073 0.237363 0.325548 
0 48 6.000000 0.419165 0.294201 0.320879 0.388808 0.453613 
0 48 6.000000 0.999211 0.465504 0.701140 0.642045 0.958183 
0 48 6.000000 0.996841 0.711260 0.550202 0.884722 0.783717 
0 48 6.000000 0.968449 0.387856 0.504855 0.538035 0.679797 
0 48 6.000000 0.949303 0.517995 0.307313 0.644686 0.488781 
0 48 6.000000 0.599659 0.167048 0.248642 0.236724 0.324037 
0 48 6.000000 0.448368 0.295771 0.316295 0.391202 0.456363 
0 48 6.000000 0.998234 0.711571 0.551932 0.885025 0.786996 
0 48 6.000000 0.996928 0.470315 0.706165 0.643989 0.972072 
0 48 6.000000 0.961586 0.387933 0.501395 0.540097 0.680157 
0 48 6.000000 0.958905 0.518475 0.308054 0.647043 0.490034 
0 48 6.000000 0.614887 0.167595 0.247768 0.237452 0.321731 
0 48 6.000000 0.414728 0.300581 0.325596 0.389819 0.453674 
0 48 6.000000 0.998154 0.712089 0.560118 0.889927 0.794053 
0 48 6.000000 0.998061 0.470166 0.717672 0.644894 0.976648 
0 48 6.000000 0.978130 0.391890 0.499996 0.544859 0.685450 
0 48 6.000000 0.954842 0.522253 0.308429 0.648466 0.488803 
0 48 6.000000 0.631698 0.167984 0.248327 0.237516 0.321837 
0 48 6.000000 0.999199 0.713821 0.563516 0.893723 0.796047 
0 48 6.000000 0.998849 0.470687 0.723828 0.647543 0.978968 
0 48 6.000000 0.982209 0.392214 0.500709 0.546552 0.686810 
0 48 6.000000 0.972729 0.523124 0.308742 0.651482 0.492923 
0 48 6.000000 0.595378 0.169352 0.250798 0.236294 0.321308 
0 48 6.000000 0.502860 0.294217 0.318242 0.395434 0.461660 
0 48 6.000000 0.403133 0.366735 0.449616 0.522876 0.572625 
0 48 6.000000 0.999134 0.716476 0.569901 0.897019 0.799783 
0 48 6.000000 0.999056 0.468692 0.729466 0.647825 0.988155 
0 48 6.000000 0.997390 0.391176 0.500572 0.550881 0.692682 
0 48 6.000000 0.982084 0.524621 0.310774 0.653555 0.492497 
0 48 6.000000 0.533240 0.169649 0.251990 0.235929 0.321439 
0 48 6.000000 0.459416 0.295977 0.323359 0.395406 0.458493 
0 48 6.000000 0.999306 0.466667 0.732175 0.653028 0.985932 
0 48 6.000000 0.999176 0.718622 0.575894 0.896821 0.803168 
0 48 6.000000 0.997469 0.393763 0.497607 0.553916 0.697715 
0 48 6.000000 0.982978 0.524055 0.314658 0.655275 0.497014 
0 48 6.000000 0.512587 0.295437 0.322061 0.399487 0.464075 
0 48 6.000000 0.510774 0.170015 0.250780 0.237232 0.321944 
0 48 6.000000 0.998977 0.472413 0.731744 0.649236 0.990530 
0 48 6.000000 0.997620 0.718648 0.578020 0.897374 0.805117 
0 48 6.000000 0.993116 0.394072 0.500077 0.554063 0.696794 
0 48 6.000000 0.983618 0.524754 0.313191 0.657972 0.501111 
0 48 6.000000 0.544536 0.170072 0.249041 0.236800 0.320218 
0 48 6.000000 0.489380 0.296709 0.316904 0.401072 0.464069 
0 48 6.000000 0.455753 0.377563 0.455165 0.523563 0.569094 
0 48 6.000000 0.999275 0.718620 0.579257 0.898160 0.809680 
0 48 6.000000 0.999218 0.474336 0.740603 0.648462 0.989529 
0 48 6.000000 0.990658 0.393494 0.503418 0.555466 0.702424 
0 48 6.000000 0.977583 0.525027 0.315781 0.661595 0.504018 
0 48 6.000000 0.548480 0.172053 0.248824 0.235953 0.317389 
0 48 6.000000 0.530309 0.296198 0.313211 0.401555 0.464638 
0 48 6.000000 0.485125 0.369827 0.441972 0.517107 0.568159 
0 48 6.000000 0.999249 0.722197 0.579734 0.898902 0.813623 
0 48 6.000000 0.998692 0.478962 0.742002 0.647170 0.989989 
0 48 6.000000 0.988450 0.394085 0.507061 0.556619 0.706709 
0 48 6.000000 0.974087 0.536008 0.325251 0.663667 0.506643 
0 48 6.000000 0.577946 0.367460 0.441230 0.521843 0.574408 
0 48 6.000000 0.538601 0.172526 0.247310 0.235979 0.316858 
0 48 6.000000 0.499803 0.294273 0.311205 0.403949 0.467164 
0 48 6.000000 0.999283 0.727006 0.582209 0.901672 0.818047 
0 48 6.000000 0.997704 0.477626 0.745283 0.654537 0.992212 
0 48 6.000000 0.978870 0.393355 0.504848 0.560288 0.710144 
0 48 6.000000 0.964006 0.538563 0.327880 0.665631 0.508487 
0 48 6.000000 0.498453 0.171156 0.245914 0.237885 0.318121 
0 48 6.000000 0.437901 0.366466 0.434263 0.520002 0.576033 
0 48 6.000000 0.414561 0.297566 0.312959 0.404898 0.463723 
0 48 6.000000 0.999507 0.731367 0.587942 0.907629 0.826662 
0 48 6.000000 0.999102 0.478010 0.749527 0.655091 0.997311 
0 48 6.000000 0.972105 0.395203 0.507747 0.560987 0.711870 
0 48 6.000000 0.961590 0.543654 0.329836 0.666103 0.510034 
0 48 6.000000 0.542876 0.343325 0.430491 0.479575 0.590188 
0 48 6.000000 0.478389 0.170766 0.245888 0.237868 0.317622 
0 48 6.000000 0.472901 0.297439 0.310951 0.404438 0.466441 
0 48 6.000000 0.999237 0.479241 0.757352 0.656181 0.999416 
0 48 6.000000 0.998926 0.733720 0.588832 0.912553 0.834890 
0 48 6.000000 0.954459 0.394450 0.509245 0.560434 0.719642 
0 48 6.000000 0.945563 0.544751 0.333526 0.668193 0.511539 
0 48 6.000000 0.614927 0.363534 0.441273 0.519077 0.585874 
0 48 6.000000 0.461016 0.171042 0.246366 0.237638 0.318974 
0 49 6.000000 0.998817 0.479450 0.768997 0.659784 1.001938 
0 49 6.000000 0.998170 0.736217 0.594039 0.915644 0.837364 
0 49 6.000000 0.979479 0.399385 0.520216 0.560745 0.718163 
0 49 6.000000 0.950776 0.548265 0.337283 0.668661 0.512106 
0 49 6.000000 0.476218 0.171535 0.246129 0.238594 0.319626 
0 49 6.000000 0.997652 0.735658 0.598059 0.915670 0.841762 
0 49 6.000000 0.996914 0.483010 0.771591 0.663391 1.000518 
0 49 6.000000 0.971952 0.400785 0.527687 0.563492 0.724931 
0 49 6.000000 0.950505 0.548246 0.339482 0.670141 0.514571 
0 49 6.000000 0.497754 0.171701 0.247282 0.238065 0.319106 
0 49 6.000000 0.459443 0.300894 0.306820 0.403863 0.463900 
0 49 6.000000 0.433569 0.353058 0.450877 0.472012 0.587252 
0 49 6.000000 0.997780 0.736605 0.604667 0.920086 0.848902 
0 49 6.000000 0.993197 0.484315 0.784500 0.661735 0.994841 
0 49 6.000000 0.970239 0.402311 0.525920 0.564407 0.725241 
0 49 6.000000 0.931209 0.550000 0.337584 0.671410 0.518000 
0 49 6.000000 0.526943 0.169168 0.244321 0.238968 0.322119 
0 49 6.000000 0.483078 0.379676 0.495843 0.541948 0.624734 
0 49 6.000000 0.407521 0.350993 0.460424 0.472978 0.588196 
0 64 6.000000 0.998594 0.741781 0.607625 0.920650 0.855472 
0 64 6.000000 0.991230 0.484813 0.787701 0.666347 0.994358 
0 64 6.000000 0.971303 0.405353 0.537335 0.563930 0.736868 
0 64 6.000000 0.951586 0.551032 0.336054 0.672957 0.521646 
0 64 6.000000 0.539702 0.168478 0.242880 0.240440 0.324098 
0 64 6.000000 0.450477 0.383469 0.497110 0.532128 0.617645 
0 64 6.000000 0.426102 0.352542 0.455109 0.470890 0.584696 
0 64 6.000000 0.998775 0.744707 0.616444 0.922041 0.853370 
0 64 6.000000 0.987165 0.405297 0.531511 0.568504 0.739599 
0 64 6.000000 0.982074 0.485111 0.796575 0.663200 0.995766 
0 64 6.000000 0.916710 0.551428 0.338876 0.674223 0.522634 
0 64 6.000000 0.507564 0.169318 0.244025 0.240673 0.324563 
0 64 6.000000 0.998839 0.743214 0.620385 0.922355 0.857142 
0 64 6.000000 0.993290 0.500749 0.795575 0.673644 1.000213 
0 64 6.000000 0.977194 0.408927 0.536951 0.567306 0.741979 
0 64 6.000000 0.932927 0.551644 0.341266 0.675725 0.525892 
0 64 6.000000 0.454110 0.170493 0.245955 0.241404 0.325157 
0 64 6.000000 0.996235 0.744521 0.623204 0.924504 0.862607 
0 64 6.000000 0.990925 0.493807 0.799253 0.680716 0.999911 
0 64 6.000000 0.986887 0.412866 0.540956 0.570083 0.746115 
0 64 6.000000 0.867592 0.553025 0.341790 0.676874 0.527823 
0 64 6.000000 0.430755 0.170674 0.245203 0.241989 0.324388 
0 64 6.000000 0.997495 0.747832 0.629304 0.923590 0.865077 
0 64 6.000000 0.994785 0.496413 0.805340 0.681436 1.000279 
0 64 6.000000 0.986720 0.411842 0.543106 0.571522 0.748387 
0 64 6.000000 0.932473 0.552745 0.346821 0.679056 0.530050 
0 64 6.000000 0.580640 0.354463 0.475533 0.483621 0.632408 
0 64 6.000000 0.996090 0.500788 0.808718 0.680798 0.999132 
0 64 6.000000 0.993473 0.744749 0.626397 0.928247 0.871797 
0 64 6.000000 0.991574 0.413650 0.546958 0.570348 0.753759 
0 64 6.000000 0.814622 0.554763 0.346515 0.684373 0.530214 
0 64 6.000000 0.575878 0.356086 0.481017 0.481379 0.632259 
0 64 6.000000 0.530299 0.303868 0.329942 0.417813 0.483075 
0 64 6.000000 0.997256 0.500166 0.816085 0.676690 0.997641 
0 64 6.000000 0.995932 0.416798 0.547539 0.573585 0.758104 
0 64 6.000000 0.995579 0.754161 0.626899 0.935743 0.876456 
0 64 6.000000 0.687062 0.355046 0.465921 0.483851 0.634389 
0 64 6.000000 0.638764 0.554738 0.346121 0.684154 0.531674 
0 64 6.000000 0.997480 0.416845 0.548914 0.576516 0.761603 
0 64 6.000000 0.995647 0.497444 0.822570 0.677186 0.994975 
0 64 6.000000 0.992157 0.755308 0.632520 0.936602 0.884567 
0 64 6.000000 0.804147 0.548070 0.336404 0.687007 0.530365 
0 64 6.000000 0.672226 0.357686 0.467770 0.481219 0.634989 
0 64 6.000000 0.995242 0.750923 0.632489 0.943583 0.891938 
0 64 6.000000 0.995030 0.419343 0.562057 0.577650 0.767103 
0 64 6.000000 0.991745 0.496415 0.830972 0.682103 0.996817 
0 64 6.000000 0.956786 0.556789 0.341468 0.697396 0.529074 
0 64 6.000000 0.645898 0.356883 0.485073 0.477794 0.641337 
0 64 6.000000 0.997156 0.420151 0.558841 0.577886 0.774489 
0 64 6.000000 0.995710 0.761929 0.641373 0.950664 0.900320 
0 64 6.000000 0.990007 0.560262 0.340824 0.700517 0.533319 
0 64 6.000000 0.989707 0.500016 0.840310 0.684947 1.000173 
0 64 6.000000 0.684669 0.356141 0.470698 0.483713 0.644427 
0 64 6.000000 0.506861 0.309617 0.335124 0.426289 0.485435 
0 64 6.000000 0.995388 0.748760 0.637547 0.951923 0.906429 
0 64 6.000000 0.991434 0.420739 0.566204 0.578192 0.774922 
0 64 6.000000 0.987677 0.499080 0.843893 0.689045 1.000983 
0 64 6.000000 0.985273 0.564664 0.343884 0.700890 0.532644 
0 64 6.000000 0.594229 0.356263 0.483576 0.480074 0.643242 
0 64 6.000000 0.580057 0.307588 0.337695 0.426589 0.494059 
0 64 6.000000 0.997316 0.766066 0.647881 0.959825 0.903476 
0 64 6.000000 0.993566 0.424014 0.573815 0.580585 0.780074 
0 64 6.000000 0.973123 0.497386 0.849004 0.692298 1.000728 
0 64 6.000000 0.968660 0.554878 0.340043 0.686908 0.536608 
0 64 6.000000 0.697599 0.353404 0.485748 0.483432 0.647414 
0 64 6.000000 0.408825 0.309348 0.341041 0.425981 0.487193 
0 64 6.000000 0.998640 0.766881 0.659140 0.960910 0.906708 
0 64 6.000000 0.993409 0.425766 0.580903 0.581821 0.784504 
0 64 6.000000 0.980396 0.496855 0.851548 0.699151 1.001621 
0 64 6.000000 0.966454 0.556456 0.341264 0.689598 0.537546 
0 64 6.000000 0.680021 0.371271 0.497875 0.504604 0.646919 
0 64 6.000000 0.998328 0.765762 0.661637 0.964549 0.913130 
0 64 6.000000 0.995937 0.427567 0.575491 0.583757 0.787607 
0 64 6.000000 0.981076 0.559670 0.340231 0.692478 0.541641 
0 64 6.000000 0.970531 0.497694 0.859258 0.701397 1.001182 
0 65 6.000000 0.697899 0.355018 0.483633 0.486733 0.649472 
0 65 6.000000 0.996016 0.431195 0.586261 0.586899 0.796221 
0 65 6.000000 0.995391 0.767273 0.661784 0.965125 0.920289 
0 65 6.000000 0.956173 0.499922 0.862270 0.702302 1.001759 
0 65 6.000000 0.937409 0.560255 0.341577 0.692766 0.542648 
0 65 6.000000 0.694272 0.355499 0.484102 0.482496 0.649365 
0 65 6.000000 0.997094 0.431004 0.585343 0.586021 0.797081 
0 65 6.000000 0.992943 0.765904 0.666742 0.966299 0.930419 
0 65 6.000000 0.965460 0.561580 0.344277 0.695316 0.542339 
0 65 6.000000 0.891848 0.503107 0.868089 0.699942 0.999238 
0 65 6.000000 0.664067 0.357909 0.479367 0.485490 0.649443 
0 80 6.000000 0.997991 0.433204 0.587209 0.588015 0.798805 
0 80 6.000000 0.997474 0.766809 0.678139 0.974080 0.932513 
0 80 6.000000 0.961370 0.563746 0.348634 0.696797 0.542452 
0 80 6.000000 0.845881 0.500921 0.873871 0.695558 1.001543 
0 80 6.000000 0.773226 0.373441 0.486081 0.507632 0.650411 
0 80 6.000000 0.401046 0.177225 0.246209 0.239517 0.317299 
0 80 6.000000 0.999009 0.431287 0.578513 0.593889 0.801276 
0 80 6.000000 0.996827 0.769160 0.678975 0.975736 0.938321 
0 80 6.000000 0.976915 0.566056 0.353063 0.699261 0.542433 
0 80 6.000000 0.853541 0.370300 0.481138 0.507190 0.652007 
0 80 6.000000 0.794822 0.511314 0.879267 0.697384 1.001624 
0 80 6.000000 0.999195 0.428630 0.579743 0.597165 0.805378 
0 80 6.000000 0.993788 0.768962 0.681420 0.978164 0.947265 
0 80 6.000000 0.961854 0.568027 0.351946 0.697931 0.545055 
0 80 6.000000 0.699219 0.370778 0.484137 0.508413 0.649594 
0 80 6.000000 0.607521 0.517330 0.890732 0.697332 1.004691 
0 80 6.000000 0.999653 0.430765 0.578752 0.598418 0.812957 
0 80 6.000000 0.994546 0.772157 0.687001 0.983059 0.952069 
0 80 6.000000 0.950957 0.568853 0.353849 0.702902 0.546166 
0 80 6.000000 0.603747 0.374844 0.493628 0.502668 0.652285 
0 80 6.000000 0.551259 0.522445 0.901654 0.695298 1.000816 
0 80 6.000000 0.999302 0.431579 0.582171 0.601815 0.821557 
0 80 6.000000 0.992034 0.777134 0.691420 0.983015 0.959559 
0 80 6.000000 0.967952 0.568559 0.355593 0.706080 0.549643 
0 80 6.000000 0.790078 0.372065 0.481822 0.510821 0.653192 
0 80 6.000000 0.632648 0.518337 0.906206 0.694036 1.001886 
0 80 6.000000 0.429733 0.321619 0.379555 0.455456 0.526729 
0 80 6.000000 0.999337 0.432248 0.584214 0.600718 0.827250 
0 80 6.000000 0.991957 0.778686 0.680049 0.981463 0.961920 
0 80 6.000000 0.961735 0.569430 0.359968 0.709605 0.553150 
0 80 6.000000 0.795001 0.372067 0.506928 0.515694 0.676056 
0 80 6.000000 0.552192 0.521077 0.910193 0.695437 1.002465 
0 80 6.000000 0.514142 0.320107 0.368502 0.452231 0.522417 
0 80 6.000000 0.999413 0.436424 0.597061 0.600839 0.831900 
0 80 6.000000 0.993529 0.785777 0.686418 0.984541 0.962687 
0 80 6.000000 0.924571 0.580170 0.366547 0.714667 0.560362 
0 80 6.000000 0.858316 0.372528 0.502417 0.515920 0.681053 
0 80 6.000000 0.657646 0.314841 0.364646 0.453008 0.530659 
0 80 6.000000 0.448049 0.520182 0.916333 0.692605 1.003123 
0 80 6.000000 0.405903 0.408866 0.555699 0.587547 0.686302 
0 80 6.000000 0.998181 0.437918 0.606106 0.602044 0.836782 
0 80 6.000000 0.987499 0.787828 0.690654 0.987872 0.969305 
0 80 6.000000 0.959854 0.584158 0.369937 0.717612 0.563225 
0 80 6.000000 0.915944 0.370351 0.498162 0.514549 0.685232 
0 80 6.000000 0.551106 0.314123 0.374274 0.457413 0.523791 
0 80 6.000000 0.997217 0.439048 0.603392 0.600546 0.839103 
0 80 6.000000 0.992998 0.789978 0.699265 0.989364 0.975980 
0 80 6.000000 0.969076 0.585179 0.371427 0.718722 0.565683 
0 80 6.000000 0.919038 0.374131 0.498541 0.519809 0.684811 
0 80 6.000000 0.690412 0.313701 0.363616 0.451132 0.528455 
0 80 6.000000 0.995240 0.441558 0.610230 0.601639 0.841874 
0 80 6.000000 0.977522 0.788555 0.702628 0.990537 0.977778 
0 80 6.000000 0.931997 0.586389 0.368454 0.720674 0.568895 
0 80 6.000000 0.924221 0.376071 0.509345 0.524841 0.689934 
0 80 6.000000 0.457821 0.315393 0.369806 0.450352 0.526573 
0 80 6.000000 0.419324 0.236544 0.269782 0.304794 0.332764 
0 80 6.000000 0.989640 0.441168 0.611432 0.607783 0.851880 
0 80 6.000000 0.988581 0.790941 0.717560 0.991607 0.982930 
0 80 6.000000 0.981762 0.588896 0.370599 0.721122 0.569796 
0 80 6.000000 0.940051 0.376683 0.497730 0.521079 0.694094 
0 80 6.000000 0.540913 0.314382 0.372261 0.451339 0.534306 
0 80 6.000000 0.993185 0.444664 0.621298 0.608761 0.852397 
0 80 6.000000 0.988854 0.789661 0.726213 1.005416 0.990451 
0 80 6.000000 0.981291 0.589187 0.371013 0.724172 0.576170 
0 80 6.000000 0.946208 0.378128 0.509267 0.519045 0.699944 
0 81 6.000000 0.536888 0.311131 0.367923 0.448831 0.529928 
0 81 6.000000 0.461732 0.428058 0.586184 0.603937 0.748097 
0 81 6.000000 0.994652 0.443830 0.621765 0.610417 0.855635 
0 81 6.000000 0.993135 0.592119 0.377559 0.726499 0.582401 
0 81 6.000000 0.992286 0.789451 0.727699 1.007349 0.992003 
0 81 6.000000 0.929083 0.378758 0.500715 0.514693 0.704109 
0 81 6.000000 0.454730 0.314430 0.368455 0.450384 0.532992 
0 81 6.000000 0.998552 0.445952 0.623626 0.613149 0.863651 
0 81 6.000000 0.981375 0.788553 0.729432 1.008478 0.994871 
0 81 6.000000 0.963701 0.595666 0.383471 0.726176 0.585853 
0 81 6.000000 0.901764 0.376291 0.509356 0.518193 0.702470 
0 81 6.000000 0.998284 0.445606 0.626099 0.614566 0.867921 
0 81 6.000000 0.989624 0.792373 0.732020 1.007296 0.995204 
0 81 6.000000 0.935290 0.595123 0.384636 0.727628 0.598576 
0 81 6.000000 0.928320 0.380406 0.509471 0.522756 0.703359 
0 81 6.000000 0.668726 0.316884 0.366279 0.451541 0.539136 
0 81 5.000000 0.421293 0.593929 0.370954 0.729406 0.580804 
0 81 6.000000 0.998957 0.444072 0.623514 0.615392 0.874277 
0 81 6.000000 0.993483 0.795461 0.738196 0.999302 0.998475 
0 81 6.000000 0.946500 0.385950 0.518050 0.528823 0.704192 
0 81 6.000000 0.898564 0.595291 0.383538 0.730633 0.598844 
0 81 6.000000 0.740411 0.313600 0.365216 0.447496 0.535535 
0 96 5.000000 0.443062 0.594862 0.370840 0.732278 0.588017 
0 96 6.000000 0.997416 0.440106 0.630896 0.616122 0.879430 
0 96 6.000000 0.994603 0.795068 0.742432 0.999434 0.999671 
0 96 6.000000 0.929460 0.596588 0.383141 0.731973 0.605537 
0 96 6.000000 0.873948 0.382686 0.528353 0.517322 0.711814 
0 96 6.000000 0.423686 0.320811 0.381255 0.445305 0.526767 
0 96 6.000000 0.998806 0.440126 0.630842 0.619056 0.884939 
0 96 6.000000 0.992578 0.800924 0.745956 0.996889 1.008273 
0 96 6.000000 0.988703 0.598010 0.381756 0.734440 0.587300 
0 96 6.000000 0.852674 0.386176 0.527499 0.536207 0.711003 
0 96 6.000000 0.553669 0.319434 0.373615 0.447152 0.536528 
0 96 6.000000 0.403952 0.244375 0.264561 0.310411 0.329049 
0 96 6.000000 0.999350 0.439235 0.631759 0.619884 0.888936 
0 96 6.000000 0.994361 0.601010 0.382405 0.738324 0.594721 
0 96 6.000000 0.989082 0.803418 0.751384 0.996413 1.003500 
0 96 6.000000 0.868216 0.389256 0.533928 0.524362 0.722942 
0 96 6.000000 0.642313 0.319576 0.374600 0.445282 0.541865 
0 96 6.000000 0.998998 0.438613 0.639287 0.624778 0.895129 
0 96 6.000000 0.994807 0.813893 0.756301 0.996622 1.000385 
0 96 6.000000 0.959809 0.599753 0.382022 0.738968 0.595584 
0 96 6.000000 0.930985 0.389219 0.523069 0.529458 0.724872 
0 96 6.000000 0.516542 0.320679 0.376321 0.447305 0.534402 
0 96 6.000000 0.999307 0.437753 0.642373 0.626625 0.900825 
0 96 6.000000 0.995292 0.818183 0.763734 0.996807 0.996515 
0 96 6.000000 0.974815 0.388537 0.527561 0.528666 0.732927 
0 96 6.000000 0.930408 0.600042 0.382583 0.742124 0.598341 
0 96 6.000000 0.502506 0.323854 0.386520 0.448728 0.534885 
0 96 6.000000 0.999270 0.441051 0.650700 0.627299 0.905283 
0 96 6.000000 0.995894 0.816129 0.770022 0.999368 0.996604 
0 96 6.000000 0.965945 0.601918 0.384420 0.745262 0.598573 
0 96 6.000000 0.947722 0.392513 0.523938 0.534422 0.735841 
0 96 6.000000 0.682952 0.323798 0.373840 0.449710 0.544367 
0 96 6.000000 0.999429 0.442285 0.661716 0.631365 0.912358 
0 96 6.000000 0.992540 0.817285 0.773452 0.995781 0.993333 
0 96 6.000000 0.992391 0.605003 0.384867 0.749363 0.600741 
0 96 6.000000 0.788798 0.397132 0.556005 0.541035 0.742765 
0 96 6.000000 0.537572 0.330241 0.385376 0.446441 0.554444 
0 96 6.000000 0.999533 0.443590 0.667510 0.631733 0.913408 
0 96 6.000000 0.984051 0.608297 0.386380 0.750320 0.600681 
0 96 6.000000 0.981875 0.818707 0.781156 0.996614 0.990153 
0 96 6.000000 0.747897 0.394557 0.551726 0.541535 0.742445 
0 96 6.000000 0.449663 0.332810 0.392225 0.447270 0.556163 
0 96 6.000000 0.998693 0.440928 0.664256 0.631130 0.921009 
0 96 6.000000 0.990128 0.608318 0.387571 0.750956 0.604978 
0 96 6.000000 0.985201 0.821002 0.782592 0.997431 0.991325 
0 96 6.000000 0.872710 0.399268 0.541318 0.550350 0.751180 
0 96 6.000000 0.665599 0.331420 0.391896 0.449040 0.554880 
0 96 6.000000 0.998536 0.439209 0.671329 0.631994 0.930253 
0 96 6.000000 0.992631 0.822927 0.790930 0.996135 0.996936 
0 96 6.000000 0.985664 0.611753 0.389813 0.755768 0.609404 
0 96 6.000000 0.862764 0.399916 0.539013 0.557809 0.751201 
0 96 6.000000 0.628508 0.333708 0.386449 0.451678 0.557502 
0 96 6.000000 0.999323 0.445266 0.679649 0.633399 0.933376 
0 96 6.000000 0.990876 0.830548 0.798081 0.998436 1.000023 
0 96 6.000000 0.960006 0.610883 0.392434 0.756868 0.612366 
0 96 6.000000 0.957970 0.401682 0.535304 0.565046 0.753577 
0 96 6.000000 0.435159 0.331239 0.393587 0.453157 0.564640 
0 96 6.000000 0.999526 0.447485 0.682183 0.635437 0.944428 
0 96 6.000000 0.990646 0.828484 0.800093 1.001143 1.001282 
0 96 6.000000 0.971204 0.611515 0.396787 0.763562 0.616855 
0 96 6.000000 0.938106 0.401399 0.548285 0.563489 0.756158 
0 96 6.000000 0.685812 0.333507 0.397127 0.455465 0.566524 
0 96 6.000000 0.999367 0.453628 0.689852 0.636049 0.948362 
0 96 6.000000 0.991146 0.835387 0.806762 1.001120 1.001071 
0 96 6.000000 0.989583 0.611370 0.400962 0.765335 0.622018 
0 96 6.000000 0.960555 0.402085 0.543492 0.564615 0.750952 
0 96 6.000000 0.733435 0.333536 0.394197 0.456372 0.573058 
0 96 6.000000 0.413155 0.249522 0.259404 0.317766 0.331468 
0 96 6.000000 0.998846 0.452764 0.698237 0.635776 0.950544 
0 96 6.000000 0.990847 0.838339 0.809452 1.001545 1.000029 
0 96 6.000000 0.982248 0.607008 0.406184 0.760036 0.622919 
0 96 6.000000 0.957184 0.405244 0.556903 0.567028 0.749449 
0 96 6.000000 0.661186 0.336067 0.407618 0.457426 0.574177 
0 97 6.000000 0.999365 0.454553 0.701257 0.640990 0.956961 
0 97 6.000000 0.986629 0.835048 0.813563 1.001105 1.002219 
0 97 6.000000 0.980178 0.608981 0.408776 0.762496 0.623477 
0 97 6.000000 0.954157 0.403473 0.559054 0.565819 0.761412 
0 97 6.000000 0.743870 0.338185 0.403951 0.456492 0.573590 
0 97 6.000000 0.999424 0.461174 0.707029 0.639850 0.963850 
0 97 6.000000 0.984788 0.838359 0.823140 1.002640 0.997138 
0 97 6.000000 0.979972 0.610560 0.409679 0.764503 0.628644 
0 97 6.000000 0.901641 0.406963 0.571074 0.566570 0.769543 
0 97 6.000000 0.774923 0.336446 0.402709 0.457586 0.573098 
0 112 6.000000 0.999111 0.459274 0.725439 0.636042 0.963781 
0 112 6.000000 0.973828 0.835436 0.828902 1.002109 0.996897 
0 112 6.000000 0.966027 0.612877 0.410501 0.769144 0.635233 
0 112 6.000000 0.916948 0.409466 0.566901 0.569373 0.769729 
0 112 6.000000 0.788457 0.338637 0.408099 0.459054 0.572346 
0 112 6.000000 0.415321 0.251302 0.252764 0.323529 0.329025 
0 112 6.000000 0.401537 0.212885 0.242538 0.297118 0.330224 
0 112 6.000000 0.999156 0.460944 0.730763 0.636890 0.969561 
0 112 6.000000 0.989639 0.613632 0.414041 0.772473 0.640522 
0 112 6.000000 0.965587 0.409890 0.563866 0.569997 0.778368 
0 112 6.000000 0.958698 0.835073 0.836594 1.001506 0.997131 
0 112 6.000000 0.645754 0.341647 0.434937 0.467282 0.575417 
0 112 6.000000 0.407499 0.246886 0.253111 0.319756 0.328317 
0 112 6.000000 0.999533 0.459257 0.715926 0.641592 0.976490 
0 112 6.000000 0.995415 0.618406 0.415587 0.773681 0.647212 
0 112 6.000000 0.977625 0.411629 0.569917 0.572020 0.782213 
0 112 6.000000 0.854756 0.832619 0.839706 1.002209 1.006067 
0 112 6.000000 0.735724 0.341069 0.427304 0.461609 0.582002 
0 112 6.000000 0.998408 0.462735 0.726760 0.641145 0.980152 
0 112 6.000000 0.993814 0.621259 0.419731 0.775865 0.650239 
0 112 6.000000 0.938709 0.412919 0.578866 0.571506 0.772547 
0 112 6.000000 0.878643 0.345132 0.419016 0.475402 0.588542 
0 112 6.000000 0.802555 0.833246 0.844295 1.001528 1.009337 
0 112 6.000000 0.998879 0.462113 0.725897 0.646535 0.985529 
0 112 6.000000 0.994936 0.625056 0.421933 0.777060 0.651215 
0 112 6.000000 0.958262 0.416861 0.590475 0.575309 0.796130 
0 112 6.000000 0.896496 0.836040 0.848744 0.999073 0.999338 
0 112 6.000000 0.888886 0.336721 0.417494 0.464862 0.592255 
0 112 6.000000 0.418504 0.253717 0.251411 0.324097 0.330286 
0 112 6.000000 0.997607 0.468165 0.727443 0.646293 0.986645 
0 112 6.000000 0.981864 0.628743 0.428023 0.776056 0.655874 
0 112 6.000000 0.951315 0.416361 0.582663 0.570736 0.798328 
0 112 6.000000 0.883270 0.339444 0.411282 0.473935 0.597876 
0 112 6.000000 0.756836 0.835335 0.857853 0.998285 1.004478 
0 112 6.000000 0.476639 0.253186 0.252058 0.324564 0.331085 
0 112 6.000000 0.998705 0.465561 0.732421 0.651718 0.995016 
0 112 6.000000 0.975381 0.635559 0.432211 0.777655 0.655379 
0 112 6.000000 0.949239 0.416803 0.585229 0.571062 0.797423 
0 112 6.000000 0.851626 0.339993 0.416788 0.473738 0.601611 
0 112 6.000000 0.610344 0.838706 0.860556 0.999054 1.006706 
0 112 6.000000 0.440805 0.248964 0.251682 0.325365 0.330420 
0 112 6.000000 0.997107 0.467829 0.736355 0.651176 0.990786 
0 112 6.000000 0.986096 0.635763 0.434030 0.780757 0.655257 
0 112 6.000000 0.967958 0.416556 0.585961 0.574534 0.801536 
0 112 6.000000 0.934757 0.337593 0.409241 0.480226 0.605704 
0 112 6.000000 0.997732 0.468349 0.739754 0.650481 0.994505 
0 112 6.000000 0.987946 0.637296 0.435378 0.783347 0.659151 
0 112 6.000000 0.986775 0.419673 0.586524 0.577963 0.805698 
0 112 6.000000 0.963527 0.341677 0.410234 0.480291 0.606765 
0 112 6.000000 0.427603 0.248615 0.253955 0.324830 0.333028 
0 112 6.000000 0.997775 0.471843 0.737878 0.650026 0.992426 
0 112 6.000000 0.996324 0.421800 0.585701 0.583557 0.809962 
0 112 6.000000 0.986372 0.641761 0.426280 0.784176 0.655269 
0 112 6.000000 0.949120 0.340232 0.414574 0.479658 0.606768 
0 112 6.000000 0.482914 0.248480 0.252713 0.327860 0.334172 
0 112 6.000000 0.995707 0.474421 0.752453 0.649887 0.995590 
0 112 6.000000 0.992285 0.421118 0.591468 0.586505 0.816494 
0 112 6.000000 0.990782 0.640860 0.429433 0.784112 0.656205 
0 112 6.000000 0.950975 0.338534 0.416647 0.479737 0.609820 
0 112 6.000000 0.533909 0.247350 0.251966 0.328422 0.335060 
0 112 6.000000 0.994030 0.421607 0.598494 0.584987 0.816168 
0 112 6.000000 0.992105 0.646051 0.433144 0.787091 0.661391 
0 112 6.000000 0.982640 0.472850 0.766103 0.652178 0.995719 
0 112 6.000000 0.915058 0.336938 0.414844 0.480811 0.614746 
0 112 6.000000 0.477573 0.244367 0.252793 0.326282 0.333749 
0 112 5.000000 0.540775 0.641673 0.432256 0.792976 0.661965 
0 112 6.000000 0.983320 0.478325 0.765074 0.652891 0.997792 
0 112 6.000000 0.960187 0.646223 0.440922 0.790481 0.668698 
0 112 6.000000 0.935261 0.425613 0.607564 0.583568 0.807764 
0 112 6.000000 0.903056 0.338630 0.417549 0.483240 0.618886 
0 112 6.000000 0.548002 0.241507 0.248357 0.328137 0.334659 
0 112 5.000000 0.618557 0.646839 0.435233 0.794993 0.665382 
0 112 6.000000 0.984092 0.425733 0.612324 0.586731 0.828154 
0 112 6.000000 0.978307 0.481633 0.766831 0.654590 1.001049 
0 112 6.000000 0.928227 0.651635 0.440664 0.795317 0.661549 
0 112 6.000000 0.868624 0.336676 0.433455 0.472738 0.622540 
0 112 6.000000 0.540670 0.239854 0.244892 0.332062 0.336749 
0 112 5.000000 0.691314 0.645793 0.439336 0.797252 0.669897 
0 112 6.000000 0.994549 0.426937 0.608026 0.587012 0.837460 
0 112 6.000000 0.983066 0.478013 0.771290 0.659951 1.005624 
0 112 6.000000 0.958131 0.648930 0.446433 0.798121 0.668026 
0 112 6.000000 0.888702 0.334998 0.430532 0.478029 0.624052 
0 112 6.000000 0.557876 0.240877 0.249215 0.330982 0.337328 
0 112 6.000000 0.997842 0.649939 0.444541 0.798293 0.677388 
0 112 6.000000 0.990674 0.427484 0.617782 0.589683 0.837155 
0 113 6.000000 0.932207 0.479767 0.779746 0.662689 1.006319 
0 113 6.000000 0.902425 0.340891 0.441661 0.487750 0.624415 
0 113 6.000000 0.545143 0.242360 0.251918 0.328666 0.336477 
0 128 6.000000 0.993704 0.429443 0.622258 0.592944 0.840645 
0 128 6.000000 0.992389 0.648419 0.449491 0.804990 0.681177 
0 128 6.000000 0.976062 0.478727 0.784846 0.661686 1.004585 
0 128 6.000000 0.893826 0.338756 0.440261 0.488408 0.628605 
0 128 6.000000 0.513391 0.235886 0.251065 0.326980 0.333638 
0 128 6.000000 0.996717 0.426895 0.620794 0.585385 0.859135 
0 128 6.000000 0.992264 0.649937 0.449382 0.809550 0.684480 
0 128 6.000000 0.969240 0.482246 0.791982 0.663170 1.002694 
0 128 6.000000 0.968599 0.337985 0.433062 0.491739 0.634050 
0 128 6.000000 0.436787 0.232811 0.249184 0.325742 0.333319 
0 128 5.000000 0.450109 0.653573 0.454144 0.804022 0.681965 
0 128 6.000000 0.993660 0.429886 0.624265 0.588329 0.862517 
0 128 6.000000 0.981171 0.485395 0.795231 0.662198 0.997796 
0 128 6.000000 0.976404 0.335991 0.430205 0.492345 0.640319 
0 128 6.000000 0.958126 0.652074 0.458580 0.806008 0.696099 
0 128 6.000000 0.463894 0.231824 0.244329 0.328169 0.336584 
0 128 5.000000 0.612375 0.657315 0.456785 0.804262 0.681906 
0 128 6.000000 0.988566 0.429178 0.625594 0.586374 0.869858 
0 128 6.000000 0.983336 0.486292 0.798103 0.663834 0.997530 
0 128 6.000000 0.972944 0.341521 0.432146 0.492753 0.638772 
0 128 6.000000 0.804897 0.655755 0.456436 0.808656 0.691250 
0 128 6.000000 0.519243 0.230167 0.242735 0.328805 0.334549 
0 128 6.000000 0.998042 0.431278 0.632135 0.592483 0.875332 
0 128 6.000000 0.978156 0.486189 0.798619 0.664124 0.997875 
0 128 6.000000 0.933006 0.344342 0.434611 0.496657 0.643262 
0 128 6.000000 0.914146 0.656585 0.460177 0.811780 0.696308 
0 128 6.000000 0.499979 0.229575 0.244387 0.326938 0.333128 
0 128 6.000000 0.996648 0.433731 0.632387 0.598857 0.879657 
0 128 6.000000 0.989423 0.344459 0.437486 0.498736 0.647957 
0 128 6.000000 0.979161 0.662138 0.465473 0.814038 0.701691 
0 128 6.000000 0.957285 0.483667 0.804050 0.665489 0.995456 
0 128 6.000000 0.430378 0.227232 0.240698 0.327637 0.333103 
0 128 6.000000 0.997576 0.435773 0.631524 0.601291 0.883764 
0 128 6.000000 0.993250 0.345167 0.432304 0.501246 0.652588 
0 128 6.000000 0.977379 0.662535 0.468193 0.818236 0.703523 
0 128 6.000000 0.943261 0.482880 0.808931 0.667775 0.994140 
0 128 6.000000 0.994139 0.437911 0.637689 0.608500 0.892865 
0 128 6.000000 0.992039 0.344835 0.434254 0.505337 0.652898 
0 128 6.000000 0.973655 0.662736 0.471011 0.820394 0.704056 
0 128 6.000000 0.888419 0.478515 0.816868 0.669429 0.993289 
0 128 6.000000 0.408050 0.227440 0.242393 0.328553 0.337353 
0 128 6.000000 0.988501 0.663919 0.474627 0.823758 0.704713 
0 128 6.000000 0.986642 0.438903 0.639161 0.609166 0.891403 
0 128 6.000000 0.985096 0.344571 0.431559 0.508074 0.653741 
0 128 6.000000 0.868675 0.477476 0.823752 0.679292 0.996555 
0 128 6.000000 0.992048 0.663297 0.476722 0.825836 0.706024 
0 128 6.000000 0.991125 0.345385 0.439777 0.509095 0.659629 
0 128 6.000000 0.989078 0.440493 0.642593 0.616767 0.896344 
0 128 6.000000 0.856061 0.484292 0.832040 0.683245 0.996531 
0 128 6.000000 0.454942 0.222414 0.243877 0.326999 0.334354 
0 128 6.000000 0.996298 0.343444 0.440379 0.510509 0.661051 
0 128 6.000000 0.981466 0.443578 0.649967 0.611475 0.899612 
0 128 6.000000 0.978244 0.670395 0.478672 0.829008 0.707748 
0 128 6.000000 0.800240 0.486251 0.836907 0.684017 0.998035 
0 128 6.000000 0.448297 0.222873 0.243553 0.326894 0.336402 
0 128 6.000000 0.996633 0.344439 0.440683 0.512178 0.663506 
0 128 6.000000 0.975093 0.439708 0.661069 0.615333 0.889110 
0 128 6.000000 0.961368 0.670249 0.480220 0.831836 0.713187 
0 128 6.000000 0.909913 0.486136 0.843408 0.686085 1.000159 
0 128 6.000000 0.408433 0.228413 0.243519 0.327752 0.342230 
0 128 6.000000 0.997280 0.670095 0.481562 0.834865 0.721012 
0 128 6.000000 0.994141 0.346629 0.442746 0.510653 0.667521 
0 128 6.000000 0.987651 0.443143 0.663924 0.614624 0.893313 
0 128 6.000000 0.853509 0.485980 0.846907 0.691226 1.000755 
0 128 6.000000 0.415828 0.226335 0.247461 0.323599 0.340730 
0 128 6.000000 0.997524 0.347022 0.444725 0.513537 0.667675 
0 128 6.000000 0.992195 0.679117 0.485301 0.835002 0.725865 
0 128 6.000000 0.984807 0.444208 0.670708 0.620938 0.902288 
0 128 6.000000 0.881772 0.488218 0.853206 0.686641 1.001763 
0 128 6.000000 0.456922 0.224024 0.247265 0.324128 0.338422 
0 128 6.000000 0.996846 0.346867 0.448097 0.510512 0.675210 
0 128 6.000000 0.990896 0.680119 0.486928 0.836289 0.725798 
0 128 6.000000 0.988484 0.443735 0.679774 0.620620 0.904107 
0 128 6.000000 0.888026 0.488684 0.856195 0.689211 1.002230 
0 128 6.000000 0.578847 0.226068 0.246623 0.327850 0.340222 
0 128 6.000000 0.996140 0.343005 0.459368 0.495415 0.672519 
0 128 6.000000 0.988922 0.683450 0.492596 0.840001 0.737045 
0 128 6.000000 0.968140 0.445960 0.689146 0.622738 0.901078 
0 128 6.000000 0.791134 0.491452 0.858613 0.682469 1.002027 
0 128 6.000000 0.649937 0.230517 0.240718 0.334941 0.341393 
0 144 6.000000 0.996106 0.342417 0.460163 0.496940 0.676086 
0 144 6.000000 0.992340 0.451303 0.680467 0.620343 0.917198 
0 144 6.000000 0.989698 0.684430 0.497239 0.847359 0.741929 
0 144 6.000000 0.782804 0.487366 0.860356 0.682578 1.002261 
0 144 6.000000 0.672914 0.228958 0.242851 0.335486 0.339543 
0 144 6.000000 0.994814 0.344098 0.463474 0.500419 0.677574 
0 144 6.000000 0.990254 0.448890 0.683979 0.623878 0.916326 
0 144 6.000000 0.984771 0.684954 0.498936 0.849595 0.752556 
0 144 6.000000 0.723015 0.487356 0.856219 0.678697 1.001592 
0 144 6.000000 0.658296 0.222652 0.241848 0.338220 0.340078 
0 144 5.000000 0.830929 0.687598 0.499161 0.845704 0.735692 
0 144 6.000000 0.993532 0.349537 0.468834 0.504057 0.685615 
0 144 6.000000 0.986094 0.454933 0.696653 0.621783 0.934132 
0 144 6.000000 0.896119 0.688511 0.504310 0.846447 0.750123 
0 144 6.000000 0.681747 0.223662 0.236295 0.337647 0.342686 
0 144 6.000000 0.553888 0.506491 0.878134 0.683068 1.006390 
0 144 6.000000 0.996702 0.449906 0.697089 0.625868 0.948933 
0 144 6.000000 0.991241 0.346447 0.467562 0.503781 0.688856 
0 144 6.000000 0.985913 0.689771 0.507783 0.854536 0.754263 
0 144 6.000000 0.678854 0.222773 0.238697 0.337659 0.344317 
0 144 6.000000 0.468951 0.512066 0.891768 0.678522 1.006466 
0 144 6.000000 0.997017 0.692755 0.513978 0.856127 0.757174 
0 144 6.000000 0.993349 0.348692 0.465592 0.505870 0.695847 
0 144 6.000000 0.986483 0.459958 0.704956 0.637654 0.949981 
0 144 6.000000 0.666857 0.223558 0.233554 0.340905 0.344994 
0 144 6.000000 0.997504 0.455112 0.703178 0.638869 0.973819 
0 144 6.000000 0.995622 0.351027 0.475277 0.506983 0.697401 
0 144 6.000000 0.971682 0.698149 0.514750 0.857436 0.758353 
0 144 6.000000 0.666787 0.224473 0.231777 0.339726 0.342837 
0 144 5.000000 0.632063 0.699346 0.525395 0.859103 0.755488 
0 144 6.000000 0.998272 0.351682 0.472176 0.507906 0.703662 
0 144 6.000000 0.995344 0.457912 0.697836 0.644118 0.975496 
0 144 6.000000 0.717089 0.226076 0.232957 0.338480 0.344923 
0 144 6.000000 0.635289 0.700538 0.518012 0.859499 0.762152 
0 144 5.000000 0.632773 0.702319 0.523994 0.857679 0.758924 
0 144 6.000000 0.998475 0.354244 0.474445 0.509635 0.704612 
0 144 6.000000 0.998428 0.461555 0.709941 0.642237 0.981660 
0 144 6.000000 0.638547 0.222885 0.237281 0.336813 0.347656 
0 144 6.000000 0.531993 0.702285 0.519559 0.858054 0.766044 
0 144 6.000000 0.998157 0.355985 0.474984 0.511833 0.709809 
0 144 6.000000 0.997308 0.462706 0.714456 0.641861 0.975247 
0 144 6.000000 0.750206 0.702789 0.517984 0.865630 0.772529 
0 144 6.000000 0.632198 0.221759 0.242362 0.337541 0.348086 
0 144 6.000000 0.998957 0.359782 0.478608 0.511064 0.709972 
0 144 6.000000 0.996089 0.460498 0.717674 0.645477 0.979059 
0 144 6.000000 0.919502 0.703814 0.524579 0.866540 0.768174 
0 144 6.000000 0.678265 0.223470 0.239509 0.337168 0.349678 
0 144 6.000000 0.999409 0.362598 0.481563 0.512048 0.713708 
0 144 6.000000 0.991031 0.468926 0.723252 0.646185 0.983772 
0 144 6.000000 0.982552 0.711428 0.530264 0.870009 0.769636 
0 144 6.000000 0.679633 0.224297 0.239599 0.338519 0.349218 
0 144 6.000000 0.999446 0.365357 0.481606 0.517125 0.715087 
0 144 6.000000 0.995808 0.468431 0.722896 0.654027 0.982958 
0 144 6.000000 0.953854 0.710321 0.531850 0.870393 0.777486 
0 144 6.000000 0.706229 0.225323 0.243498 0.338653 0.348084 
0 144 6.000000 0.999632 0.365292 0.484766 0.516474 0.718368 
0 144 6.000000 0.995874 0.468182 0.728851 0.650051 0.985627 
0 144 6.000000 0.968834 0.709627 0.534416 0.872557 0.782436 
0 144 6.000000 0.676349 0.224492 0.245394 0.337705 0.344459 
0 144 6.000000 0.999839 0.363996 0.485803 0.519216 0.724979 
0 144 6.000000 0.996561 0.469983 0.731306 0.655438 0.984963 
0 144 6.000000 0.971630 0.708852 0.536890 0.876233 0.790335 
0 144 6.000000 0.647140 0.224067 0.245859 0.338580 0.345504 
0 144 6.000000 0.999779 0.366078 0.489986 0.521378 0.728707 
0 144 6.000000 0.995353 0.707154 0.539687 0.881422 0.796447 
0 144 6.000000 0.995145 0.473282 0.740886 0.660485 0.992829 
0 144 6.000000 0.603582 0.222709 0.249806 0.341092 0.351418 
0 144 6.000000 0.999795 0.368116 0.491875 0.521498 0.740218 
0 144 6.000000 0.995651 0.708867 0.543743 0.884660 0.800991 
0 144 6.000000 0.984189 0.474659 0.750034 0.656925 0.988653 
0 144 6.000000 0.651877 0.227712 0.252334 0.339638 0.351191 
0 160 6.000000 0.999886 0.367763 0.490424 0.523194 0.747465 
0 160 6.000000 0.996198 0.476062 0.753624 0.652133 0.989856 
0 160 6.000000 0.991564 0.710258 0.544549 0.886144 0.801404 
0 160 6.000000 0.727705 0.227524 0.252397 0.339257 0.349509 
0 160 6.000000 0.999713 0.366982 0.494531 0.524785 0.755258 
0 160 6.000000 0.998539 0.472317 0.755474 0.651271 0.996278 
0 160 6.000000 0.994507 0.713069 0.549325 0.889661 0.805817 
0 160 6.000000 0.783992 0.224814 0.251372 0.339073 0.354390 
0 160 6.000000 0.999087 0.369096 0.502607 0.526542 0.759254 
0 160 6.000000 0.995282 0.473833 0.763368 0.651694 0.993217 
0 160 6.000000 0.993715 0.715651 0.552772 0.891962 0.806820 
0 160 6.000000 0.798477 0.224175 0.250765 0.341054 0.357535 
0 160 6.000000 0.998849 0.368225 0.510583 0.530419 0.763757 
0 160 6.000000 0.998108 0.475657 0.772644 0.649862 0.995972 
0 160 6.000000 0.948947 0.720169 0.560693 0.893451 0.813997 
0 160 6.000000 0.787556 0.226294 0.254395 0.342314 0.356010 
0 160 6.000000 0.998544 0.364477 0.505962 0.528673 0.758155 
0 160 6.000000 0.997242 0.477233 0.780308 0.649426 0.994134 
0 160 6.000000 0.967663 0.721954 0.575573 0.898460 0.815108 
0 160 6.000000 0.803672 0.226983 0.255931 0.341751 0.353811 
0 160 6.000000 0.998893 0.477039 0.785629 0.654280 0.998127 
0 160 6.000000 0.998801 0.371326 0.517273 0.528304 0.760154 
0 160 6.000000 0.940870 0.723789 0.580746 0.900861 0.824403 
0 160 6.000000 0.771006 0.227122 0.256696 0.340243 0.360311 
0 160 5.000000 0.587220 0.726504 0.580737 0.908790 0.828849 
0 160 6.000000 0.999302 0.368795 0.518059 0.531380 0.764244 
0 160 6.000000 0.997180 0.477840 0.794112 0.656224 1.000308 
0 160 6.000000 0.769295 0.726422 0.577738 0.906243 0.839530 
0 160 6.000000 0.748320 0.228145 0.259048 0.340114 0.360981 
0 160 5.000000 0.827145 0.724267 0.575898 0.909742 0.839200 
0 160 6.000000 0.998735 0.369161 0.520940 0.532466 0.767995 
0 160 6.000000 0.997680 0.476131 0.798902 0.656375 0.999969 
0 160 6.000000 0.763840 0.228942 0.258178 0.341780 0.360526 
0 160 6.000000 0.538405 0.727106 0.583307 0.908279 0.843919 
0 160 5.000000 0.517102 0.725929 0.585581 0.912781 0.836584 
0 160 6.000000 0.999509 0.369851 0.526298 0.532921 0.773015 
0 160 6.000000 0.985495 0.474155 0.803891 0.658870 1.001731 
0 160 6.000000 0.889059 0.730822 0.582064 0.911128 0.842755 
0 160 6.000000 0.730972 0.230090 0.261131 0.342827 0.356389 
0 160 5.000000 0.861248 0.736724 0.591167 0.915935 0.847913 
0 160 6.000000 0.999549 0.370644 0.525150 0.540356 0.775975 
0 160 6.000000 0.985257 0.475610 0.797329 0.660683 1.000463 
0 160 6.000000 0.684086 0.230105 0.259104 0.341949 0.358647 
0 160 6.000000 0.509614 0.737631 0.586525 0.914054 0.845986 
0 160 5.000000 0.846686 0.737052 0.594684 0.920359 0.851220 
0 160 6.000000 0.999672 0.370869 0.528904 0.535152 0.776797 
0 160 6.000000 0.994705 0.475661 0.804343 0.656858 1.001494 
0 160 6.000000 0.699526 0.738885 0.588650 0.915862 0.850011 
0 160 6.000000 0.661730 0.231225 0.258997 0.341614 0.362087 
0 160 6.000000 0.999820 0.371016 0.529019 0.538344 0.791662 
0 160 6.000000 0.992859 0.475127 0.813812 0.655807 1.001554 
0 160 6.000000 0.943408 0.737904 0.591807 0.923862 0.860620 
0 160 6.000000 0.650295 0.232704 0.260413 0.343868 0.361276 
0 160 6.000000 0.999781 0.374518 0.530493 0.540303 0.788499 
0 160 6.000000 0.990957 0.476155 0.824888 0.656727 1.001621 
0 160 6.000000 0.944932 0.742593 0.592667 0.922366 0.860485 
0 160 6.000000 0.618028 0.234030 0.261002 0.343266 0.361001 
0 160 6.000000 0.999850 0.379131 0.532595 0.539522 0.793797 
0 160 6.000000 0.981067 0.476668 0.828741 0.660181 1.000520 
0 160 6.000000 0.932423 0.743889 0.598905 0.924219 0.857273 
0 160 6.000000 0.585184 0.234397 0.256499 0.341992 0.361744 
0 160 6.000000 0.999841 0.380610 0.537392 0.539606 0.804016 
0 160 6.000000 0.975986 0.745801 0.604256 0.926499 0.862451 
0 160 6.000000 0.974885 0.475690 0.835019 0.661684 1.002361 
0 160 6.000000 0.572152 0.235629 0.257881 0.341224 0.361028 
0 160 6.000000 0.999776 0.378553 0.542843 0.539894 0.805470 
0 160 6.000000 0.982292 0.469806 0.841940 0.666005 1.003595 
0 160 6.000000 0.968554 0.750141 0.615096 0.927128 0.868710 
0 160 6.000000 0.622862 0.233103 0.255423 0.344851 0.361738 
0 176 6.000000 0.999554 0.380965 0.545563 0.540753 0.814072 
0 176 6.000000 0.979762 0.470472 0.846818 0.671027 1.004466 
0 176 6.000000 0.707571 0.752507 0.617328 0.938612 0.877303 
0 176 6.000000 0.599399 0.234632 0.259753 0.345610 0.361987 
0 176 6.000000 0.998984 0.382284 0.550474 0.539701 0.819859 
0 176 6.000000 0.950154 0.480985 0.853624 0.679150 1.002534 
0 176 6.000000 0.746994 0.755863 0.622619 0.933832 0.883274 
0 176 6.000000 0.566581 0.233206 0.254566 0.348727 0.364814 
0 176 6.000000 0.997569 0.380854 0.561028 0.551720 0.818228 
0 176 6.000000 0.954235 0.482948 0.853340 0.677030 1.002812 
0 176 6.000000 0.831185 0.762712 0.626358 0.944526 0.887444 
0 176 6.000000 0.588839 0.233624 0.253029 0.347329 0.363598 
0 176 6.000000 0.998529 0.380748 0.566428 0.550199 0.823489 
0 176 6.000000 0.937166 0.482470 0.859656 0.677769 1.001445 
0 176 6.000000 0.898712 0.765832 0.631150 0.952141 0.890687 
0 176 6.000000 0.571766 0.236358 0.256555 0.344174 0.363670 
0 176 6.000000 0.998589 0.383111 0.565574 0.551274 0.822903 
0 176 6.000000 0.949067 0.767892 0.635935 0.956794 0.896870 
0 176 6.000000 0.911262 0.476453 0.862193 0.683404 1.003328 
0 176 6.000000 0.525673 0.237854 0.259299 0.342616 0.363138 
0 176 6.000000 0.997417 0.382487 0.566955 0.558616 0.828739 
0 176 6.000000 0.982954 0.767138 0.637419 0.960726 0.899430 
0 176 6.000000 0.748037 0.485276 0.862207 0.684975 1.001507 
0 176 6.000000 0.566544 0.236646 0.254983 0.345694 0.363186 
0 176 6.000000 0.998454 0.382065 0.568017 0.558963 0.831597 
0 176 6.000000 0.941665 0.769819 0.640275 0.964306 0.898454 
0 176 6.000000 0.656045 0.236583 0.250765 0.348979 0.361929 
0 176 6.000000 0.423561 0.487408 0.865375 0.686212 1.001277 
0 176 6.000000 0.998636 0.383749 0.571915 0.560318 0.833417 
0 176 6.000000 0.962203 0.772461 0.642057 0.964900 0.907894 
0 176 6.000000 0.542115 0.239231 0.248483 0.346757 0.363224 
0 176 6.000000 0.999130 0.387980 0.571221 0.558847 0.840147 
0 176 6.000000 0.982739 0.772862 0.642780 0.969778 0.910197 
0 176 6.000000 0.443575 0.238912 0.248247 0.352543 0.386837 
0 176 6.000000 0.998576 0.383392 0.580791 0.558406 0.849991 
0 176 6.000000 0.970976 0.776088 0.647114 0.971016 0.911406 
0 176 6.000000 0.998588 0.382265 0.582169 0.559307 0.857580 
0 176 6.000000 0.985091 0.773842 0.648820 0.972526 0.923681 
0 176 6.000000 0.999458 0.387585 0.585748 0.563289 0.864273 
0 176 6.000000 0.964991 0.779701 0.651957 0.974912 0.934709 
0 176 6.000000 0.999291 0.385037 0.589559 0.562542 0.868022 
0 176 6.000000 0.960992 0.778534 0.659773 0.976398 0.945308 
0 176 6.000000 0.413152 0.254880 0.246518 0.365425 0.384846 
0 176 6.000000 0.999292 0.387610 0.591486 0.565574 0.871189 
0 176 6.000000 0.921512 0.780224 0.664432 0.976151 0.945508 
0 176 5.000000 0.419890 0.782007 0.674073 0.984353 0.956949 
0 176 6.000000 0.999357 0.388373 0.593816 0.570848 0.882970 
0 176 6.000000 0.793559 0.783186 0.676669 0.979318 0.951489 
0 176 5.000000 0.552794 0.785280 0.660739 0.979277 0.965392 
0 176 6.000000 0.998220 0.388467 0.602266 0.572177 0.875069 
0 176 6.000000 0.787679 0.783234 0.682336 0.981079 0.965409 
0 192 6.000000 0.999027 0.387824 0.605480 0.573726 0.881832 
0 192 6.000000 0.987685 0.781463 0.679205 0.998295 0.968857 
0 192 6.000000 0.999651 0.386477 0.611352 0.574158 0.888099 
0 192 6.000000 0.907387 0.783108 0.692523 0.991717 0.969241 
0 192 6.000000 0.999868 0.387541 0.612384 0.574520 0.901281 
0 192 6.000000 0.945902 0.791556 0.692964 0.990552 0.971146 
0 192 6.000000 0.999863 0.389755 0.616407 0.578005 0.905544 
0 192 6.000000 0.912175 0.792547 0.691711 0.993631 0.980180 
0 192 6.000000 0.999932 0.393014 0.621392 0.576135 0.900494 
0 192 6.000000 0.957928 0.789927 0.695345 0.998993 0.986923 
0 192 6.000000 0.999921 0.392683 0.622686 0.582219 0.902233 
0 192 6.000000 0.956649 0.797897 0.700047 0.998539 0.987376 
0 192 6.000000 0.999894 0.394339 0.625821 0.580392 0.904495 
0 192 6.000000 0.946984 0.807618 0.704221 0.999908 0.994837 
0 192 6.000000 0.999857 0.399893 0.629041 0.580539 0.918491 
0 192 6.000000 0.974258 0.808866 0.705503 1.000151 0.994134 
0 192 6.000000 0.999798 0.398287 0.633518 0.584395 0.924336 
0 192 6.000000 0.968299 0.810436 0.708634 0.999588 0.991657 
0 192 6.000000 0.999750 0.400054 0.638484 0.585102 0.940099 
0 192 6.000000 0.974389 0.811521 0.720283 0.998211 0.993921 
0 192 6.000000 0.999326 0.390316 0.644823 0.586165 0.935616 
0 192 6.000000 0.975001 0.814963 0.723524 0.997887 0.994011 
0 192 6.000000 0.999545 0.389667 0.649013 0.586070 0.949358 
0 192 6.000000 0.964774 0.817677 0.730431 0.997897 0.995887 
0 192 6.000000 0.999887 0.396083 0.653174 0.588026 0.956671 
0 192 6.000000 0.962030 0.820157 0.737779 0.996270 1.001476 
0 192 6.000000 0.999699 0.398495 0.665905 0.588392 0.956788 
0 192 6.000000 0.972977 0.824869 0.739646 0.996225 1.000957 
0 192 6.000000 0.417653 0.271830 0.253918 0.385495 0.397923 
0 192 6.000000 0.999437 0.396045 0.667422 0.590101 0.956089 
0 192 6.000000 0.987212 0.829902 0.739762 0.995485 1.000623 
0 192 6.000000 0.999457 0.402898 0.667863 0.591647 0.960303 
0 192 6.000000 0.985103 0.831776 0.747041 0.996491 0.997913 
0 208 6.000000 0.999408 0.406051 0.674567 0.599638 0.970150 
0 208 6.000000 0.973182 0.833681 0.746673 0.996132 1.001535 
0 208 6.000000 0.999483 0.405634 0.676184 0.598222 0.981266 
0 208 6.000000 0.985723 0.838217 0.755236 0.995322 1.004149 
0 208 6.000000 0.999142 0.408531 0.679576 0.600787 0.983551 
0 208 6.000000 0.968919 0.843196 0.758036 0.994743 1.001866 
0 208 5.000000 0.486476 0.846205 0.769819 0.995898 0.986987 
0 208 6.000000 0.999587 0.411862 0.683165 0.601935 0.990659 
0 208 6.000000 0.941516 0.843298 0.763406 0.995828 1.008427 
0 208 6.000000 0.999547 0.416713 0.703532 0.604587 0.987943 
0 208 6.000000 0.947750 0.841342 0.768989 0.996977 1.006214 
0 208 6.000000 0.451572 0.279855 0.263338 0.394248 0.401569 
0 208 6.000000 0.999601 0.413720 0.704661 0.604905 0.992392 
0 208 6.000000 0.938733 0.842812 0.778762 0.996221 1.004602 
0 208 6.000000 0.489018 0.283500 0.260174 0.396143 0.398131 
0 208 6.000000 0.999848 0.416247 0.707702 0.605751 0.992822 
0 208 6.000000 0.950450 0.843847 0.781761 0.996710 1.004468 
0 208 6.000000 0.534187 0.283992 0.262733 0.396509 0.401516 
0 208 6.000000 0.999848 0.416295 0.709753 0.607229 0.992440 
0 208 6.000000 0.962790 0.849785 0.792751 0.996452 1.003197 
0 208 6.000000 0.544692 0.284939 0.259976 0.398276 0.405757 
0 208 6.000000 0.999805 0.415226 0.715724 0.607572 0.991193 
0 208 6.000000 0.989650 0.850731 0.800419 0.997114 1.002858 
0 208 6.000000 0.501623 0.288256 0.263821 0.396391 0.401249 
0 208 6.000000 0.999679 0.420193 0.722759 0.613448 0.987627 
0 208 6.000000 0.978336 0.855762 0.806406 0.996344 1.009442 
0 208 6.000000 0.699299 0.286639 0.257784 0.402305 0.407792 
0 208 6.000000 0.999662 0.418120 0.727897 0.613067 0.989652 
0 208 6.000000 0.946407 0.864093 0.807766 0.996557 1.013124 
0 208 6.000000 0.749339 0.285019 0.256576 0.404520 0.409928 
0 208 6.000000 0.999632 0.420140 0.728461 0.611615 0.984880 
0 208 6.000000 0.951260 0.863772 0.812831 0.994372 1.014086 
0 208 6.000000 0.644404 0.286348 0.257765 0.402460 0.408774 
0 208 6.000000 0.998627 0.420272 0.730236 0.613396 0.983853 
0 208 6.000000 0.932057 0.864823 0.813488 0.993803 1.013573 
0 208 6.000000 0.746219 0.286242 0.254966 0.402336 0.411168 
0 208 6.000000 0.998602 0.418642 0.733228 0.621881 0.985301 
0 208 6.000000 0.890853 0.861335 0.816868 0.994772 1.011274 
0 208 6.000000 0.636629 0.290579 0.260490 0.403376 0.408067 
0 208 6.000000 0.998015 0.421907 0.737198 0.628028 0.986903 
0 208 6.000000 0.707666 0.866691 0.817739 0.994822 1.015342 
0 208 6.000000 0.677322 0.290692 0.260771 0.403505 0.410072 
0 208 6.000000 0.994610 0.422285 0.747719 0.626065 0.990678 
0 208 6.000000 0.707852 0.289929 0.262578 0.402914 0.414323 
0 208 6.000000 0.586371 0.872119 0.836588 0.998519 0.997260 
0 224 6.000000 0.996196 0.424724 0.752858 0.628754 0.993999 
0 224 6.000000 0.700828 0.290290 0.259043 0.403551 0.414737 
0 224 6.000000 0.628393 0.874745 0.843537 0.999453 0.994422 
0 224 6.000000 0.996906 0.424711 0.758606 0.630193 0.989979 
0 224 6.000000 0.795410 0.866951 0.847053 1.001300 1.002585 
0 224 6.000000 0.563744 0.290461 0.260725 0.403296 0.412542 
0 224 6.000000 0.998052 0.424095 0.766064 0.632797 0.991393 
0 224 6.000000 0.799743 0.873049 0.850338 1.003782 1.003852 
0 224 6.000000 0.618306 0.290640 0.255671 0.405151 0.420267 
0 224 6.000000 0.997623 0.426616 0.772347 0.634701 0.992071 
0 224 6.000000 0.735193 0.873606 0.854064 1.004585 1.003670 
0 224 6.000000 0.536628 0.292197 0.262105 0.404550 0.419471 
0 224 6.000000 0.998687 0.430104 0.778725 0.636020 0.993691 
0 224 6.000000 0.572026 0.882498 0.859869 1.002118 1.001196 
0 224 6.000000 0.528923 0.290925 0.265647 0.405744 0.416596 
0 224 6.000000 0.997137 0.427467 0.787375 0.639950 0.997675 
0 224 6.000000 0.565416 0.284363 0.269330 0.410399 0.433463 
0 224 6.000000 0.427598 0.885946 0.866152 1.001136 1.000086 
0 224 6.000000 0.993719 0.425288 0.793354 0.644015 0.994937 
0 224 6.000000 0.474122 0.886243 0.872035 1.000266 1.000917 
0 224 6.000000 0.422940 0.295884 0.267596 0.406593 0.422760 
0 224 6.000000 0.988942 0.429968 0.793409 0.645164 0.996998 
0 224 6.000000 0.525656 0.286409 0.271854 0.411017 0.438755 
0 224 6.000000 0.993597 0.427299 0.795118 0.643604 0.997784 
0 224 6.000000 0.590578 0.286152 0.279041 0.416037 0.435097 
0 224 6.000000 0.994742 0.429608 0.802155 0.646579 0.994828 
0 224 6.000000 0.414833 0.285129 0.283273 0.413975 0.435817 
0 224 6.000000 0.995490 0.424377 0.810663 0.648659 0.995837 
0 224 6.000000 0.511080 0.294512 0.282407 0.415770 0.437266 
0 224 6.000000 0.993720 0.427115 0.816842 0.650842 0.994063 
0 224 6.000000 0.555652 0.294958 0.282498 0.418671 0.439692 
0 224 6.000000 0.987183 0.430474 0.824820 0.647761 0.993855 
0 224 6.000000 0.721363 0.298050 0.267343 0.421443 0.441367 
0 224 6.000000 0.986422 0.431434 0.829332 0.650559 0.994512 
0 224 6.000000 0.423290 0.293559 0.278045 0.417794 0.438553 
0 224 6.000000 0.954975 0.431083 0.832201 0.652708 0.991634 
0 224 6.000000 0.422709 0.296192 0.277675 0.421889 0.436806 
0 224 6.000000 0.969637 0.421722 0.838461 0.655549 0.998363 
0 224 6.000000 0.626816 0.296911 0.282022 0.424458 0.443930 
0 240 6.000000 0.978357 0.432172 0.846155 0.661484 0.999802 
0 240 6.000000 0.595880 0.299632 0.278448 0.425368 0.441380 
0 240 6.000000 0.988356 0.437228 0.849654 0.660031 1.002216 
0 240 6.000000 0.708591 0.299587 0.280146 0.425223 0.446995 
0 240 6.000000 0.983512 0.440827 0.856912 0.656485 1.001911 
0 240 6.000000 0.474178 0.302076 0.290166 0.429999 0.441817 
0 240 6.000000 0.957199 0.437367 0.860149 0.660901 1.003910 
0 240 6.000000 0.712110 0.438813 0.865563 0.657865 1.004013 
0 240 6.000000 0.644387 0.440907 0.867389 0.662253 1.004609 
0 240 6.000000 0.514580 0.440652 0.872999 0.679664 1.006605 
0 240 6.000000 0.403478 0.300508 0.315032 0.425999 0.453843 
0 240 6.000000 0.527808 0.298148 0.313442 0.426195 0.455213 
0 240 6.000000 0.525192 0.299745 0.306072 0.426238 0.456031 
0 240 6.000000 0.503952 0.306710 0.307661 0.430734 0.457040 
0 240 6.000000 0.458129 0.306876 0.306703 0.431456 0.460927 
